105,10,5,121171460,622
115,10,5,1365600244,641
83,10,5,-1805884624,620
112,10,5,1135774914,624
100,10,5,755329182,623
97,10,5,790633919,619
84,10,5,1840020949,620
100,10,5,-1105079908,620
96,10,5,892863430,633
94,10,5,-365194069,623
104,10,5,-885961604,615
101,10,5,2136599692,624
93,10,5,1937376834,624
96,10,5,2066680888,618
101,10,5,1261844619,622
98,10,5,-1577728611,620
78,10,5,1607277692,629
103,10,5,1285582553,621
91,10,5,-1317793567,616
103,10,5,778852112,665
93,10,5,1507419118,620
101,10,5,-2020578005,619
82,10,5,-365326159,618
100,10,5,-1473070893,630
104,10,5,946421332,625
89,10,5,-1715178497,619
90,10,5,450916089,621
101,10,5,718856824,620
90,10,5,292731083,624
85,10,5,-503473456,624
82,10,5,-1120583869,626
92,10,5,-953713630,642
93,10,5,1341766927,620
102,10,5,-1747149790,622
86,10,5,-843262963,620
100,10,5,-1905506953,619
90,10,5,-1143593720,623
96,10,5,735834292,622
93,10,5,114455088,621
92,10,5,1479471507,636
113,10,5,-1231684053,621
89,10,5,1048233971,620
94,10,5,570005134,619
99,10,5,1052756545,621
103,10,5,1436801882,618
104,10,5,-568556514,623
114,10,5,-1593260011,639
89,10,5,1843658726,619
91,10,5,1630599396,625
93,10,5,-895799403,650
82,10,5,1229571857,622
96,10,5,-404563004,672
86,10,5,170594218,623
85,10,5,-541775061,620
93,10,5,-184273419,622
86,10,5,-588261782,621
91,10,5,963545427,647
86,10,5,-2140102819,628
93,10,5,768791968,618
89,10,5,-333717874,625
94,10,5,-1149079993,627
99,10,5,2119729995,628
81,10,5,1833611317,624
89,10,5,624096802,667
96,10,5,-1591676693,622
85,10,5,-154452716,620
92,10,5,-1201384258,628
86,10,5,-1050889001,622
106,10,5,916238573,665
90,10,5,-1926702632,622
98,10,5,1056269464,638
114,10,5,-721844836,624
98,10,5,-1085499324,649
101,10,5,-638186343,632
95,10,5,473788961,623
100,10,5,-1691361846,637
91,10,5,154293212,622
94,10,5,-882429781,632
95,10,5,-520999303,625
83,10,5,885524402,643
86,10,5,1850054221,617
93,10,5,-2127107261,624
100,10,5,-842720761,621
90,10,5,1612493353,633
94,10,5,-1626413398,625
94,10,5,924458836,618
122,10,5,2131318032,621
93,10,5,1511483389,620
93,10,5,-396633501,620
104,10,5,560706287,618
93,10,5,207542242,620
135,10,5,1410194183,641
87,10,5,1821476795,618
76,10,5,-860919376,617
95,10,5,-354856336,621
104,10,5,-1575994978,629
101,10,5,-1648723656,619
76,10,5,2098066412,650
96,10,5,581967377,619
104,10,5,-567206121,626
