111,10,5,121171460,1
104,10,5,1365600244,1
100,10,5,-1805884624,1
100,10,5,1135774914,1
113,10,5,755329182,1
97,10,5,790633919,1
99,10,5,1840020949,1
101,10,5,-1105079908,1
90,10,5,892863430,1
117,10,5,-365194069,1
94,10,5,-885961604,1
114,10,5,2136599692,1
96,10,5,1937376834,1
107,10,5,2066680888,1
114,10,5,1261844619,1
91,10,5,-1577728611,1
98,10,5,1607277692,1
102,10,5,1285582553,1
101,10,5,-1317793567,1
97,10,5,778852112,1
93,10,5,1507419118,1
112,10,5,-2020578005,1
95,10,5,-365326159,1
100,10,5,-1473070893,1
90,10,5,946421332,1
110,10,5,-1715178497,1
103,10,5,450916089,1
107,10,5,718856824,1
94,10,5,292731083,1
107,10,5,-503473456,1
105,10,5,-1120583869,1
111,10,5,-953713630,1
128,10,5,1341766927,1
104,10,5,-1747149790,1
108,10,5,-843262963,1
109,10,5,-1905506953,1
106,10,5,-1143593720,1
95,10,5,735834292,1
105,10,5,114455088,1
104,10,5,1479471507,1
108,10,5,-1231684053,1
107,10,5,1048233971,1
94,10,5,570005134,1
107,10,5,1052756545,1
115,10,5,1436801882,1
101,10,5,-568556514,1
121,10,5,-1593260011,1
98,10,5,1843658726,1
108,10,5,1630599396,1
93,10,5,-895799403,1
109,10,5,1229571857,1
106,10,5,-404563004,1
100,10,5,170594218,1
92,10,5,-541775061,1
106,10,5,-184273419,1
97,10,5,-588261782,1
95,10,5,963545427,1
95,10,5,-2140102819,1
94,10,5,768791968,1
97,10,5,-333717874,1
97,10,5,-1149079993,1
96,10,5,2119729995,1
104,10,5,1833611317,1
106,10,5,624096802,1
93,10,5,-1591676693,1
91,10,5,-154452716,1
110,10,5,-1201384258,1
113,10,5,-1050889001,1
105,10,5,916238573,1
96,10,5,-1926702632,1
101,10,5,1056269464,1
106,10,5,-721844836,1
103,10,5,-1085499324,1
94,10,5,-638186343,1
98,10,5,473788961,1
104,10,5,-1691361846,1
94,10,5,154293212,1
100,10,5,-882429781,1
96,10,5,-520999303,1
94,10,5,885524402,1
117,10,5,1850054221,1
112,10,5,-2127107261,1
96,10,5,-842720761,1
103,10,5,1612493353,1
95,10,5,-1626413398,1
109,10,5,924458836,1
93,10,5,2131318032,1
97,10,5,1511483389,1
98,10,5,-396633501,1
112,10,5,560706287,1
105,10,5,207542242,1
101,10,5,1410194183,1
102,10,5,1821476795,1
101,10,5,-860919376,1
100,10,5,-354856336,1
92,10,5,-1575994978,1
104,10,5,-1648723656,1
114,10,5,2098066412,1
99,10,5,581967377,1
100,10,5,-567206121,1
